userid,checktime,verifycode,workcode,sn
7,2025-10-20 11:03:35,0,0,A5NS193461028
9,2025-10-20 11:52:09,0,0,A5NS193461028
